
MEANS:
[[ 2.48843695  7.00285497  2.50776308  3.24255447  2.49788056  9.1404413
   2.48553927  3.54550704  2.50388116 10.08421077]
 [ 2.47650436 11.31062004  2.49316667 10.28099219  2.50483988  6.92591077
   2.50845319 10.46846845  2.50389624  5.64889102]
 [ 2.49746658  5.15278353  2.50599578  9.90744667  2.50900785  4.65871808
   2.51575793  6.62150681  2.48890137  2.70486963]
 [ 2.51962329 10.05726921  2.52845598  8.0764058   2.49613381 11.7187997
   2.5145796   4.69869488  2.49822597  5.28154634]
 [ 2.50986291 10.70470856  2.49358963  4.87806668  2.49747477  3.56968943
   2.49283724  7.0770065   2.49698456 10.34765445]
 [ 2.49445476  4.19682954  2.5184953   3.18813486  2.50027119  2.78323715
   2.48723104  6.1699219   2.51302473  7.31268567]
 [ 2.48266718 10.68603906  2.49724077 10.46610134  2.48742525  5.45772271
   2.4905975   3.72615209  2.49968457  6.87105972]
 [ 2.53475212  5.28432051  2.50449441 10.02668728  2.4834634   3.81021821
   2.49612452 10.64019335  2.5178763   9.04656881]
 [ 2.49088157  7.5311268   2.48818625  4.22158643  2.50871014  4.10353745
   2.49394775 11.12500342  2.47261882  3.76327022]
 [ 2.50638329  4.11826495  2.50290448  9.55663911  2.50974533  4.19053506
   2.50408375  4.13488271  2.49461138  9.36313354]
 [ 2.51400903  3.6430709   2.47801867  9.34782158  2.48624359 10.62556296
   2.47933919  3.47165079  2.51745444  6.49910269]
 [ 2.4980108  10.40069309  2.48733072  3.89721234  2.49368616  6.10890587
   2.50749272  4.49432443  2.49006083  3.64602985]
 [ 2.51016713 10.40122921  2.52608646  3.70186397  2.50921156 10.106474
   2.49686487 10.39303123  2.50931965  6.99859418]
 [ 2.51185509  4.39189436  2.47748946  9.79116043  2.48195211 10.46720116
   2.50830606 10.34885192  2.51682573  5.08733296]
 [ 2.50585755  3.82507     2.50637975  3.22883886  2.51491379  9.64541137
   2.49464268  6.86207691  2.49869767  3.50312213]
 [ 2.47934872  4.07639657  2.4891977   3.77830199  2.48787147  8.32247823
   2.49863665 10.18263193  2.50101835 10.07247261]
 [ 2.50152864  7.01664714  2.48537744  9.61754999  2.49766159 10.32957207
   2.50151865  7.48165513  2.51637071 11.66403416]]

COVARIANCE:
[[[ 1.24703476e+00  2.05666759e-02 -1.89427767e-02 ...  8.64143809e-04
   -3.14166875e-02  2.58685643e-02]
  [ 2.05666759e-02  1.23568145e+01 -8.40424520e-03 ... -1.36043658e-01
   -2.51349182e-03  6.35637993e-02]
  [-1.89427767e-02 -8.40424520e-03  1.24501970e+00 ...  3.55764068e-02
    2.29757519e-02  3.83532746e-03]
  ...
  [ 8.64143809e-04 -1.36043658e-01  3.55764068e-02 ...  3.60474117e+00
   -2.49448027e-02  1.36973163e-01]
  [-3.14166875e-02 -2.51349182e-03  2.29757519e-02 ... -2.49448027e-02
    1.25255809e+00 -1.69431166e-02]
  [ 2.58685643e-02  6.35637993e-02  3.83532746e-03 ...  1.36973163e-01
   -1.69431166e-02  4.34577123e+00]]

 [[ 1.25581260e+00  4.82949665e-02 -5.78668441e-02 ...  1.77982070e-02
    2.02882239e-02 -6.43399202e-02]
  [ 4.82949665e-02  1.97543744e+00 -1.44120009e-02 ... -3.11409226e-01
   -1.98609315e-02  3.19265401e-01]
  [-5.78668441e-02 -1.44120009e-02  1.25292012e+00 ... -1.16318594e-02
   -3.64248506e-03  5.12479753e-02]
  ...
  [ 1.77982070e-02 -3.11409226e-01 -1.16318594e-02 ...  3.58383698e+00
   -2.98268507e-03  1.84439806e-01]
  [ 2.02882239e-02 -1.98609315e-02 -3.64248506e-03 ... -2.98268507e-03
    1.24830383e+00 -1.24948595e-02]
  [-6.43399202e-02  3.19265401e-01  5.12479753e-02 ...  1.84439806e-01
   -1.24948595e-02  1.01144906e+01]]

 [[ 1.24288033e+00  1.28436790e-02 -2.01352633e-02 ... -5.64665702e-03
   -3.93631017e-02  1.35916240e-02]
  [ 1.28436790e-02  7.84677531e+00  1.98275397e-02 ... -5.24765138e-03
    7.23615889e-02 -3.18430983e-01]
  [-2.01352633e-02  1.98275397e-02  1.23672123e+00 ...  1.47680831e-02
    1.38269186e-02  2.33974309e-04]
  ...
  [-5.64665702e-03 -5.24765138e-03  1.47680831e-02 ...  1.18495050e+01
    4.23490692e-02 -2.14126024e-01]
  [-3.93631017e-02  7.23615889e-02  1.38269186e-02 ...  4.23490692e-02
    1.24961849e+00 -2.17602322e-03]
  [ 1.35916240e-02 -3.18430983e-01  2.33974309e-04 ... -2.14126024e-01
   -2.17602322e-03  1.90666890e+00]]

 ...

 [[ 1.24994032e+00  5.03366447e-02 -6.14521789e-02 ... -3.45184228e-02
   -4.51662207e-02 -1.36494095e-02]
  [ 5.03366447e-02  4.37710767e+00 -1.32397104e-02 ... -5.91512665e-02
    3.25635812e-02 -3.06450353e-01]
  [-6.14521789e-02 -1.32397104e-02  1.25180362e+00 ...  4.39993587e-02
   -8.25650579e-02  2.70094969e-02]
  ...
  [-3.45184228e-02 -5.91512665e-02  4.39993587e-02 ...  1.19790057e+01
    1.24563154e-02 -2.35979182e-02]
  [-4.51662207e-02  3.25635812e-02 -8.25650579e-02 ...  1.24563154e-02
    1.26574306e+00 -2.93137636e-02]
  [-1.36494095e-02 -3.06450353e-01  2.70094969e-02 ... -2.35979182e-02
   -2.93137636e-02  3.52192861e+00]]

 [[ 1.24544463e+00 -6.42304558e-02 -5.48070471e-02 ...  1.27458958e-03
    5.00917456e-03 -7.78861916e-03]
  [-6.42304558e-02  4.89509496e+00  6.77393930e-03 ...  3.47875983e-01
    5.00122282e-02  2.07087193e-01]
  [-5.48070471e-02  6.77393930e-03  1.23989995e+00 ...  2.20707002e-02
    2.62034007e-02  3.14145960e-02]
  ...
  [ 1.27458958e-03  3.47875983e-01  2.20707002e-02 ...  4.17579551e+00
    4.70227208e-03 -2.15253904e-01]
  [ 5.00917456e-03  5.00122282e-02  2.62034007e-02 ...  4.70227208e-03
    1.25119654e+00 -2.30251725e-02]
  [-7.78861916e-03  2.07087193e-01  3.14145960e-02 ... -2.15253904e-01
   -2.30251725e-02  4.18949422e+00]]

 [[ 1.25646806e+00  5.10540419e-02 -4.40480819e-02 ...  2.95502980e-02
   -4.59719688e-02 -4.97857489e-03]
  [ 5.10540419e-02  1.20579246e+01  1.49315099e-03 ... -1.51235497e+00
   -4.44313637e-02 -3.32010508e-02]
  [-4.40480819e-02  1.49315099e-03  1.24030080e+00 ... -3.08647017e-02
   -8.01350096e-02  4.13599183e-02]
  ...
  [ 2.95502980e-02 -1.51235497e+00 -3.08647017e-02 ...  1.17640859e+01
    6.00648093e-03 -1.79180956e-01]
  [-4.59719688e-02 -4.44313637e-02 -8.01350096e-02 ...  6.00648093e-03
    1.25246535e+00  3.62664238e-04]
  [-4.97857489e-03 -3.32010508e-02  4.13599183e-02 ... -1.79180956e-01
    3.62664238e-04  1.34931297e+00]]]

WEIGHTS:
[0.06363951 0.05524597 0.07280932 0.05006417 0.06105876 0.0608145
 0.06789946 0.06208053 0.04665188 0.06909074 0.05527683 0.05867112
 0.05296001 0.05604932 0.05534453 0.0548632  0.05748015]