Accuracy: [0.99984756 0.99997805 0.99997195 0.99977439 0.9999439 ]
Mean Accuracy: 0.9999031715689984
Sigma: 3.9795076719505194e-05
Left: 0.9997926827230296
Right: 1.0000136604149672
