Accuracy: [0.66344801 0.63218741 0.65043231 0.63672295 0.65325821]
Mean Accuracy: 0.6472097779065604
Sigma: 0.0056845995747384975
Left: 0.6314267992422682
Right: 0.6629927565708527
