Accuracy: [0.50045853 0.50187437 0.50141949 0.50076524 0.50132133]
Mean Accuracy: 0.5011677931812692
Sigma: 0.00025012776575403424
Left: 0.5004733271703674
Right: 0.5018622591921711
